-77
-75
-77
-79
-78
-79
-80
-78
-78
-80
-78
-76
-78
-75
-76
-77
-77
-77
-77
-17
-18
-18
-19
-18
-69
-70
-70
-69
-70
-71
-69
-69
-68
-69
-70
-69
-69
-68
-70
-68
-70
-70
-69
-70
-69
-69
-70
-70
-70
-71
-70
-73
-71
-73
-73
-72
-70
-70
-71
-70
-71
-71
-71
-72
-76
-75
-75
-75
-75
-73
-74
-72
-75
-76
-75
-75
-76
-76
-76
-75
-76
-74
-74
-75
-75
-75
-74
-74
-73
-73
-73
-74
-74
-74
-74
-75
-74
-75
-75
-75
-75
-75
-75
-73
-79
-80
-80
-80
-79
-78
-22
-22
-21
-22
-23
-23
-22
-22
-21
-22
-22
-22
-22
-23
-22
-30
-27
-28
-29
